120.361484 30.321896
120.36148005210595 30.32190028449144
120.36138222447279 30.32189566783954
120.36127477532972 30.32189226229901
120.36116987899787 30.321893583519984
120.36106358526057 30.32189666329357
120.3609583772716 30.321899414786696
120.36085814010455 30.321896711792583
120.36075572863673 30.321892962264236
120.36064703442217 30.321897846907675
120.36054135398562 30.321900163585607
120.36044479744821 30.32189199441802
120.36033633234445 30.321896085400013
120.36023598860604 30.32189994753466
120.36013129338306 30.321892771167775
120.3600226764176 30.321895325845517
120.3599190502169 30.321894189799902
120.35981664514183 30.32189330294573
120.35971334859816 30.32189413438377
120.3596100964549 30.321892243012364
120.35950581736874 30.321899344114332
120.3593955980383 30.321892104024368
120.3592929616934 30.321893454918616
120.35919440507162 30.32190031117948
120.3590837346508 30.321892256418298
120.35898132796548 30.321898604473215
120.35887994652703 30.321894454450792
120.35877409240449 30.32190021281585
120.35867386260232 30.32189522908819
120.35856614605412 30.32189149370189
120.35845843409452 30.321899762402964
120.35835993435431 30.321895392523036
120.35834810798445 30.321795863186875
120.35834656401411 30.321693447381108
120.35834388165739 30.32159648589909
120.35833789714522 30.32149393920174
120.35833079308229 30.321390401857055
120.35832976651125 30.32129156170348
120.35832326277185 30.32119853851295
120.35823048025263 30.32115290085154
120.35813502850199 30.321105261223064
120.35804272182389 30.321062704731638
120.35794117083582 30.321013074024876
120.35785099263775 30.32097121546954
120.35775493225056 30.32092656436881
120.35766653257066 30.320880090526515
120.3575629848291 30.32083638577954
120.35747250475409 30.320799879679626
120.35738042360317 30.32074982671653
120.35728151089134 30.32070810258962
120.35719124677523 30.320663305605038
120.35719766456484 30.320577705003764
120.35719487780939 30.320481682651312
120.35720406593809 30.320393559366444
120.35720351570475 30.32030004989435
120.35720881160597 30.320216316879822
120.35710101027514 30.320209433143468
120.35699651406036 30.320218995171235
120.35689476341697 30.320219545605934
120.3567956540288 30.320213738926338
120.35668859110405 30.320216978948487
120.35658427143709 30.320224576930173
120.35647990135845 30.32022406825124
120.35637116268772 30.32022933583304
120.3562724252387 30.320223362316394
120.35617240413487 30.320231904215138
120.35605958448016 30.320229874326966
120.35595642251783 30.320232857361795
120.35585220167565 30.32023270375286
120.35575686906995 30.320235712140914
120.35564653279425 30.32023370159674
120.3555414299546 30.32023728870084
120.35544448792028 30.320239617257705
120.35533481946524 30.3202399043874
120.35522878032934 30.32023847295879
120.35523633631362 30.32015419910186
120.3552298507135 30.32005561942118
120.3552274671175 30.319967732565356
120.3552347354574 30.319875926929438
120.3552287540657 30.31977924636703
120.35523223184293 30.319682055403895
120.3552320030985 30.319596305591258
120.35523032867029 30.319498265221103
120.35522799415163 30.319403445504754
120.35523637113634 30.31931250826071
120.35523538661707 30.31921926191018
120.35523150071091 30.319125660992192
120.35523205335215 30.319036459870624
120.35522812224605 30.318939082950692
120.35522902077028 30.318847432770493
120.3552292773451 30.318754822341116
120.35523374920515 30.31866793029024
120.35523214295115 30.318572887099258
120.35523192449442 30.318476322454615
120.3552270726762 30.318384127439252
120.3552297842672 30.31829691320924
120.35523521419623 30.318200287920718
120.3552270765008 30.31810697590912
120.35523052510553 30.318012797386515
120.35523022839706 30.317922638780928
120.35532953435371 30.317883354312002
120.3554237154095 30.31785160025495
120.35552116015762 30.317810934344667
120.35561310123897 30.317779412177714
120.35571325248246 30.31774696698968
120.35581179159138 30.31771292736797
120.35589918695231 30.317669991005765
120.35599782498585 30.3176357685094
120.35609188397031 30.31760064129932
120.35618568563885 30.317569682900267
120.35628846368095 30.31753156582816
120.35638280216519 30.317497506574878
120.35647596543942 30.317458597570702
120.35657399871123 30.317426560090347
120.35666970901602 30.31739426097911
120.35678248084717 30.31739801016046
120.35689835050874 30.31741029693055
120.35701413017995 30.31741569589082
120.35713043342788 30.3174283396866
120.35724680973298 30.31744287844862
120.35735803556607 30.31744983467832
120.35746706585924 30.31745547935443
120.35758559405625 30.317472004010735
120.35766017165061 30.31753670004874
120.3577314827359 30.317612608189208
120.35780179901717 30.31767763371063
120.35787703884252 30.317748265472094
120.35780887086597 30.317842279309883
120.35773903297566 30.31792879475683
120.3576700234286 30.31802492694968
120.35760451783746 30.318112221641414
120.357528641847 30.318204803824475
120.35741536012993 30.318208315316053
120.35730362162884 30.318218628175917
120.35719431026406 30.31823105046879
120.35708429311259 30.318249976657007
120.35697121783679 30.318259823693587
120.35685595541271 30.31826838800523
120.35674195912932 30.318276887892374
120.35663150146698 30.318277620097074
120.3565322285651 30.318278573598704
120.35642074555874 30.31827598429821
120.3563165526909 30.318270342737726
120.35621261919037 30.31827232101411
120.35611163869696 30.31827458876339
120.35600109045596 30.318271603125815
120.3558956583657 30.31826714974922
120.35578878440339 30.318268787631453
120.35568404159547 30.31826564096216
120.35558289936242 30.31826325391181
120.35547496060873 30.31826710589902
120.35536704778042 30.318267104374996
120.35526246959054 30.318269294054456
120.35515889226127 30.318261533701737
120.35515925381918 30.318351117485058
120.3551575380302 30.318450785148585
120.35515935775334 30.31853539297589
120.35515064528329 30.318634486433854
120.35515745366635 30.31872542804002
120.35515558185229 30.31881072713847
120.35515062153938 30.31890618670021
120.35515127212325 30.31899701033295
120.35515007089215 30.319084808304105
120.35515169067473 30.319178100549653
120.35514616981472 30.319267589016167
120.35514871089585 30.3193570762315
120.35513963460346 30.31944904001364
120.35514666886912 30.319545390961526
120.3551466038514 30.319634414503454
120.355250279858 30.319628083985233
120.35535963565677 30.319627331085965
120.35546236710354 30.319617226302597
120.35556882944384 30.319613042109093
120.35567474806277 30.31961498547891
120.3557882942061 30.31961286997836
120.35589568774468 30.319601314396525
120.35599700677086 30.319597163855114
120.35610333764932 30.319594139555804
120.35621396116022 30.319591813645058
120.35631840453556 30.319582410238667
120.3564301454186 30.31958016138894
120.35652962283497 30.319574452589464
120.35664391560003 30.319572539352507
120.35675301645725 30.31956952529814
120.35685349344456 30.31956852232581
120.35696380664744 30.31956236706371
120.35707049803574 30.319560021037123
120.3571780373188 30.31955155104884
120.35728112050718 30.319551071383724
120.35738968446132 30.319542421269873
120.35750047424762 30.319543408119827
120.35760102051181 30.31953272767755
120.3577098273819 30.319526830136688
120.35781810999539 30.319523020644535
120.35788579381682 30.319598973209356
120.35795265982003 30.31967507712923
120.35801933160018 30.319754934550478
120.35809335493674 30.319826646090313
120.35816229066171 30.319903975679043
120.35829434804663 30.319880074981402
120.35842151024089 30.319872305208136
120.35855925631951 30.319856456840935
120.3586365957898 30.31977224961552
120.35872694696923 30.319694169665738
120.35881574844018 30.319621358713484
120.35889239243923 30.319537266968233
120.3590077849992 30.31954601280019
120.35910529529546 30.31955808331761
120.3592199388924 30.319565147173073
120.3593259023325 30.319582480086012
120.35942750597455 30.319585471845667
120.3595318638567 30.319600101866413
120.359638283843 30.319599839954805
120.35974720153526 30.319616095495547
120.35985272928802 30.319626013518135
120.35995540554443 30.319630701765206
120.36006696279166 30.319642233071797
120.36017232270194 30.319649962670518
120.36027563067613 30.319655099794282
120.36038456536494 30.319665729274732
120.36048359288615 30.319675992633396
120.3605994754841 30.319688444005124
120.36070002253037 30.319691966620805
120.36081034459188 30.319699081467302
120.36091236509792 30.319710099469603
120.3610204989286 30.319716722229817
120.36112388232776 30.319732092710304
120.36120612744607 30.319788856864346
120.36129048432319 30.319853867079072
120.36144582225306 30.319919106529763
120.36144614737991 30.320006312930083
120.36144750796544 30.320097415144474
120.36144860712248 30.32019555102137
120.36145182530664 30.320280398197287
120.36144961840724 30.320373686816723
120.36145549846117 30.32047213691467
120.36145710966102 30.32056231067428
120.3614559917237 30.32065093560704
120.36145651867587 30.320746551205694
120.36145871426083 30.32083687362087
120.36145597493858 30.320929542414728
120.36146075406053 30.3210241185711
120.3614567207723 30.321114603987496
120.36145953711734 30.32120441911079
120.36146023894689 30.32129357286109
120.36146100002091 30.321391560105543
120.36146228633304 30.321484215225325
120.36146253650044 30.32157364605183
120.36146453288212 30.321667323417614
120.36146451236947 30.321758156223755
120.36146402544698 30.32185018318806
120.36136411973374 30.32185096870722
120.36125612049008 30.32185266833524
120.36115418935626 30.321849086302155
120.3610449952252 30.32185076266331
120.36094192339006 30.32185359546073
120.36083760390976 30.321850691734646
120.36072384535792 30.32185515840218
120.36062678121914 30.32185017842137
120.3605134796354 30.321851439838284
120.36040870067065 30.321858026890897
120.36030943992401 30.32185271670432
120.36020384579327 30.321859064128542
120.36009496533276 30.321855195969388
120.35999486627838 30.321852932402575
120.35988710881311 30.32185211391782
120.35978312370406 30.32185390257057
120.35967754016536 30.321854765482133
120.35956837002705 30.321858039661436
120.35945894606347 30.321855902374026
120.35935925266976 30.321854262941596
120.35924854162703 30.32186332122813
120.3591505858464 30.32185523675627
120.35904137548407 30.321862674111816
120.35894015383542 30.32185864802355
120.35882918220857 30.321864840154035
120.35872993036331 30.321864562740984
120.3586209044889 30.32186594566739
120.35851972201121 30.321862953105672
120.35840531888485 30.3218613258204
120.35830745580395 30.321861938596246
120.35822767963045 30.32178723818337
120.35814720351615 30.32170985049955
120.35814536662247 30.321606743192252
120.35814051396541 30.321495760663012
120.35814115754637 30.321391996861067
120.35813883952598 30.321289389498926
120.35814310343306 30.321175781541147
120.3580829919013 30.321097344711756
120.35803361203615 30.321020074536516
120.35797695377599 30.320941830006092
120.35791934700181 30.320860593736285
120.35786187238034 30.320773754485128
120.3578077115488 30.320697206235153
120.35775344659146 30.320610396076646
120.3576970438838 30.320530170850372
120.3576425954534 30.32045596643186
120.35758855125914 30.32037609376098
120.35753023999845 30.320289454791197
120.35747613490467 30.320208332465228
120.3573679712688 30.320222996433152
120.35725462003988 30.320226400871253
120.35714866563468 30.320242359270907
120.35703677740189 30.32024948850857
120.35692122041046 30.320255751744835
120.35681009120925 30.32025943880275
120.35670648856093 30.320256743432292
120.35659726655054 30.3202600862636
120.35648126685669 30.320266113796574
120.35637811736 30.32026470555469
120.35626370862855 30.32027000398807
120.35616070659822 30.320269264516813
120.35605125623647 30.320268529412253
120.35594072038684 30.320272458601806
120.35582818440515 30.320272828922405
120.35572001184723 30.32027012987561
120.35561633226186 30.320274630533657
120.3555068596094 30.320269247911863
120.35539755624046 30.320276170881442